1.666400000000000000e+04
9.838000000000000000e+03
3.705500000000000000e+04
4.153300000000000000e+04
4.367300000000000000e+04
1.458600000000000000e+04
1.720000000000000000e+03
2.219800000000000000e+04
1.441200000000000000e+04
4.301500000000000000e+04
3.900000000000000000e+02
2.599000000000000000e+04
5.435000000000000000e+03
1.324100000000000000e+04
2.813700000000000000e+04
7.794000000000000000e+03
3.585600000000000000e+04
3.634000000000000000e+03
2.777000000000000000e+04
1.058100000000000000e+04
4.374400000000000000e+04
1.944600000000000000e+04
3.129600000000000000e+04
2.223600000000000000e+04
1.094600000000000000e+04
4.729600000000000000e+04
2.193500000000000000e+04
4.161700000000000000e+04
4.378800000000000000e+04
1.558400000000000000e+04
4.632900000000000000e+04
4.306600000000000000e+04
4.800300000000000000e+04
2.540000000000000000e+02
2.951100000000000000e+04
9.580000000000000000e+02
2.947900000000000000e+04
4.567900000000000000e+04
7.728000000000000000e+03
1.340700000000000000e+04
4.565000000000000000e+04
1.781000000000000000e+04
4.770800000000000000e+04
1.680500000000000000e+04
3.290000000000000000e+03
3.832700000000000000e+04
2.824700000000000000e+04
4.941500000000000000e+04
1.841900000000000000e+04
2.329000000000000000e+04
3.718700000000000000e+04
4.780100000000000000e+04
1.163600000000000000e+04
3.017000000000000000e+04
3.525100000000000000e+04
8.051000000000000000e+03
3.446000000000000000e+03
3.269700000000000000e+04
3.393100000000000000e+04
3.888600000000000000e+04
4.579200000000000000e+04
5.570000000000000000e+02
1.406200000000000000e+04
3.812500000000000000e+04
9.147000000000000000e+03
3.373100000000000000e+04
4.486800000000000000e+04
1.052700000000000000e+04
2.687400000000000000e+04
1.205000000000000000e+03
1.320600000000000000e+04
3.962700000000000000e+04
2.341400000000000000e+04
2.130200000000000000e+04
6.471000000000000000e+03
2.728400000000000000e+04
1.988200000000000000e+04
3.127100000000000000e+04
2.516700000000000000e+04
6.632000000000000000e+03
4.195500000000000000e+04
2.971900000000000000e+04
3.597000000000000000e+03
4.810000000000000000e+04
7.480000000000000000e+02
3.141800000000000000e+04
1.036000000000000000e+04
4.117300000000000000e+04
4.451400000000000000e+04
2.822200000000000000e+04
4.669600000000000000e+04
1.285200000000000000e+04
3.513200000000000000e+04
3.683000000000000000e+03
9.752000000000000000e+03
1.194500000000000000e+04
3.172400000000000000e+04
2.367200000000000000e+04
5.193000000000000000e+03
4.599100000000000000e+04
