1.041900000000000000e+04
2.000000000000000000e+00
2.195800000000000000e+04
2.182700000000000000e+04
1.900000000000000000e+04
1.000000000000000000e+00
2.000000000000000000e+00
1.149100000000000000e+04
4.000000000000000000e+00
2.345600000000000000e+04
2.000000000000000000e+00
1.569600000000000000e+04
3.000000000000000000e+00
9.050000000000000000e+02
1.068900000000000000e+04
3.000000000000000000e+00
1.994200000000000000e+04
1.000000000000000000e+00
1.565000000000000000e+04
4.000000000000000000e+00
2.671400000000000000e+04
0.000000000000000000e+00
6.274000000000000000e+03
2.000000000000000000e+00
2.000000000000000000e+00
2.774400000000000000e+04
1.000000000000000000e+00
1.423600000000000000e+04
1.121800000000000000e+04
2.000000000000000000e+00
2.122300000000000000e+04
1.298600000000000000e+04
1.308100000000000000e+04
0.000000000000000000e+00
1.646300000000000000e+04
2.000000000000000000e+00
2.028300000000000000e+04
3.154500000000000000e+04
1.000000000000000000e+00
4.000000000000000000e+00
2.696300000000000000e+04
4.000000000000000000e+00
2.369700000000000000e+04
0.000000000000000000e+00
3.000000000000000000e+00
2.583000000000000000e+04
1.083200000000000000e+04
2.693300000000000000e+04
2.000000000000000000e+00
3.000000000000000000e+00
8.300000000000000000e+03
1.398600000000000000e+04
2.000000000000000000e+00
8.086000000000000000e+03
8.078000000000000000e+03
2.000000000000000000e+00
0.000000000000000000e+00
2.157200000000000000e+04
1.777800000000000000e+04
1.768800000000000000e+04
1.954800000000000000e+04
4.000000000000000000e+00
2.311000000000000000e+03
2.114000000000000000e+04
3.000000000000000000e+00
1.677100000000000000e+04
2.271400000000000000e+04
3.000000000000000000e+00
7.806000000000000000e+03
4.000000000000000000e+00
2.232000000000000000e+03
2.361400000000000000e+04
2.388000000000000000e+03
4.000000000000000000e+00
3.000000000000000000e+00
1.187700000000000000e+04
2.000000000000000000e+00
6.276000000000000000e+03
0.000000000000000000e+00
1.000000000000000000e+00
2.567700000000000000e+04
8.530000000000000000e+03
0.000000000000000000e+00
3.503600000000000000e+04
2.000000000000000000e+00
2.211400000000000000e+04
4.000000000000000000e+00
2.506700000000000000e+04
2.344100000000000000e+04
2.192000000000000000e+03
1.557200000000000000e+04
2.000000000000000000e+00
1.278200000000000000e+04
4.000000000000000000e+00
0.000000000000000000e+00
1.000000000000000000e+00
1.406100000000000000e+04
1.012000000000000000e+03
2.000000000000000000e+00
3.391300000000000000e+04
